<?xml version="1.0"?>
<opencv_storage>
<calibration_time>"Tue Aug  2 21:43:35 2016"</calibration_time>
<nr_of_frames>10</nr_of_frames>
<image_width>1920</image_width>
<image_height>1080</image_height>
<board_width>15</board_width>
<board_height>7</board_height>
<square_size>18.</square_size>
<!-- flags: +fix_principal_point -->
<flags>22532</flags>
<fisheye_model>0</fisheye_model>
<camera_matrix type_id="opencv-matrix">
  <rows>3</rows>
  <cols>3</cols>
  <dt>d</dt>
  <data>
    9.7400309879683311e+02 0. 9.5950000000000000e+02 0.
    1.0106067935208139e+03 5.3950000000000000e+02 0. 0. 1.</data></camera_matrix>
<distortion_coefficients type_id="opencv-matrix">
  <rows>14</rows>
  <cols>1</cols>
  <dt>d</dt>
  <data>
    -3.8996581400173413e-01 2.3050913842881823e-01
    -7.9386060140436302e-04 -1.3819220946127619e-03
    6.7192802327636109e-02 0. 0. 2.0429006859054308e-01 0. 0. 0. 0. 0.
    0.</data></distortion_coefficients>
<avg_reprojection_error>3.2768631326856070e+00</avg_reprojection_error>
<per_view_reprojection_errors type_id="opencv-matrix">
  <rows>10</rows>
  <cols>1</cols>
  <dt>f</dt>
  <data>
    3.32236838e+00 2.93277979e+00 3.06500173e+00 3.56348634e+00
    2.16397381e+00 2.75422215e+00 3.50724816e+00 3.52251267e+00
    3.98353267e+00 3.57776189e+00</data></per_view_reprojection_errors>
<extrinsic_parameters type_id="opencv-matrix">
  <rows>10</rows>
  <cols>6</cols>
  <dt>d</dt>
  <data>
    4.6100714953452399e-01 1.6966615786741998e-01
    -2.2263344450808987e-03 -1.2279500529236941e+02
    -2.9964894249732982e+01 1.4011281243441374e+02
    3.5004010335752567e-01 -3.8341794059958044e-02
    5.9464147377872617e-02 -8.4784816596588428e+01
    -4.1325093736772722e+01 1.1571010042100261e+02
    -4.0574002535075637e-01 2.5824652430323846e-02
    2.8591716837346140e-02 -1.1081427000929206e+02
    -6.2158594510694584e+01 1.7234761666124720e+02
    -6.7788144287485341e-01 6.9221655892812789e-02
    7.1287952292203305e-02 -1.1033243060452790e+02
    -7.5692607133226844e+01 1.8533292539392835e+02
    -9.7293128594738787e-01 -5.0452664883679144e-01
    -2.8652473913296270e+00 6.8962119870507195e+01
    2.8437820101448359e+01 1.0098311971251580e+02 2.5775413881081627e-01
    -2.9267401525747749e-01 1.7620226718339219e-01
    -4.0385526112795013e+01 -4.8206551975667288e+01
    1.1306832309169729e+02 5.9225076707839042e-01 6.2968798469015075e-01
    1.5583254456778686e-01 -1.1519062773467026e+02
    -9.5078785383935625e+01 2.1929952740346576e+02
    5.1205069600806818e-01 -1.6698798824593142e-01
    2.0244406473637572e-01 -4.8666018108115239e+01
    -3.1801179886384215e+01 1.0658264821532963e+02
    6.7960334891109975e-01 3.8132664819727255e-02 3.7683659457661521e-02
    -1.2605229355479550e+02 -1.7612968958002263e+01
    1.0035512460432136e+02 -7.7518293340394562e-01
    8.8726214558319222e-02 2.0990990854184843e-01
    -1.0404177357296663e+02 -8.9531575927120457e+01
    2.0349285937620846e+02</data></extrinsic_parameters>
</opencv_storage>
