<?xml version="1.0"?>
<opencv_storage>
<calibration_time>"Tue Aug  2 21:45:28 2016"</calibration_time>
<nr_of_frames>10</nr_of_frames>
<image_width>1920</image_width>
<image_height>1080</image_height>
<board_width>15</board_width>
<board_height>7</board_height>
<square_size>18.</square_size>
<!-- flags: +fix_principal_point -->
<flags>22532</flags>
<fisheye_model>0</fisheye_model>
<camera_matrix type_id="opencv-matrix">
  <rows>3</rows>
  <cols>3</cols>
  <dt>d</dt>
  <data>
    9.6960249897042070e+02 0. 9.5950000000000000e+02 0.
    9.9592989511366159e+02 5.3950000000000000e+02 0. 0. 1.</data></camera_matrix>
<distortion_coefficients type_id="opencv-matrix">
  <rows>14</rows>
  <cols>1</cols>
  <dt>d</dt>
  <data>
    -4.0081304302625032e-01 2.8034034417665638e-01
    4.7825910397580095e-03 2.3177119955389361e-03 1.4988209763592686e-01
    0. 0. 3.6396337041415605e-01 0. 0. 0. 0. 0. 0.</data></distortion_coefficients>
<avg_reprojection_error>2.8225426617157421e+00</avg_reprojection_error>
<per_view_reprojection_errors type_id="opencv-matrix">
  <rows>10</rows>
  <cols>1</cols>
  <dt>f</dt>
  <data>
    1.80449271e+00 2.28688836e+00 2.49024987e+00 2.13176394e+00
    4.03815603e+00 3.19893503e+00 1.68072677e+00 3.43273211e+00
    2.97613120e+00 3.22953820e+00</data></per_view_reprojection_errors>
<extrinsic_parameters type_id="opencv-matrix">
  <rows>10</rows>
  <cols>6</cols>
  <dt>d</dt>
  <data>
    -2.5963924663485355e-01 -2.5757091439579965e-01
    1.9260086805324914e-01 -6.8532386357973778e+01
    -7.5619608296340644e+01 1.5407089981573012e+02
    -1.2834159750337648e-01 -4.8157529819392014e-01
    2.7322709830689351e-01 -6.5047055648105882e+01
    -7.6192441879600793e+01 1.4650779234158483e+02
    2.8216052729450032e-04 -5.2489224526129097e-01
    4.0995429960574564e-01 -4.7467952801092757e+01
    -8.6104577507127871e+01 1.6559501385073483e+02
    -2.8938637435245795e-01 -7.1998395876050669e-02
    2.5123813414523288e-01 -8.4428366573426572e+01
    -9.2530794062450084e+01 1.8131476791777382e+02
    5.9744618329757360e-01 -5.2407614202804952e-02
    4.1266390750693926e-01 -5.9511441384621513e+01
    -6.5278262817635138e+01 1.3299926627381549e+02
    -6.0554107913483735e-01 -1.5254358208180485e-01
    9.2556331918673351e-02 -1.1147879954762107e+02
    -8.2547455851964600e+01 1.5457612071771371e+02
    -2.1188889768584612e-01 -1.7318804309818980e-01
    1.4425388907347769e-01 -7.5082110015669969e+01
    -7.4254757056383667e+01 1.3804811764738818e+02
    3.8789490542152377e-01 -1.1713058714202648e-01
    2.0107741358858899e-01 -6.0917748667399628e+01
    -5.3002584109369913e+01 1.1658745725023981e+02
    -1.6576161282432544e-01 1.9472626602142282e-01
    2.8052059466491375e-01 -1.1403654056480742e+02
    -1.0280480777170396e+02 2.1737801537099543e+02
    -6.4094145868969465e-01 -3.2638810960074101e-02
    -1.1101867581202476e-01 -8.5655929022895876e+01
    -5.5857598729682032e+01 1.9075391058481355e+02</data></extrinsic_parameters>
</opencv_storage>
